3.000000 0.0000000 0.0000000 0.0000000 -0.0000000 -0.0000000 -0.0000000 1.0000000
9.000000 0.0124512 0.0013472 0.0266762 -0.0061830 -0.0099033 -0.0002952 0.9999318
10.000000 0.0107323 0.0005654 0.0423582 -0.0072554 -0.0107422 0.0010683 0.9999154
12.000000 0.0051990 -0.0068683 0.0759837 -0.0041515 -0.0087636 0.0030078 0.9999485
14.000000 0.0012980 -0.0138453 0.1186897 0.0035176 -0.0037346 0.0019259 0.9999850
15.000000 0.0012094 -0.0144037 0.1383134 0.0067842 -0.0021395 -0.0002081 0.9999747
16.000000 0.0011584 -0.0166553 0.1645721 0.0106340 -0.0027206 -0.0032524 0.9999345
17.000000 0.0002359 -0.0208891 0.1867001 0.0116060 -0.0052748 -0.0057705 0.9999021
18.000000 -0.0009567 -0.0235920 0.2128820 0.0099074 -0.0073713 -0.0069065 0.9998999
19.000000 -0.0022265 -0.0247683 0.2349765 0.0078483 -0.0075882 -0.0059612 0.9999226
20.000000 -0.0040780 -0.0262437 0.2557400 0.0057211 -0.0073288 -0.0032056 0.9999517
21.000000 -0.0056630 -0.0303214 0.2840710 0.0039086 -0.0075263 0.0010814 0.9999635
22.000000 -0.0057417 -0.0331110 0.3048618 0.0029506 -0.0074993 0.0042425 0.9999585
23.000000 -0.0050833 -0.0356471 0.3263131 0.0011368 -0.0086542 0.0063852 0.9999415
24.000000 -0.0034719 -0.0378385 0.3525778 -0.0002692 -0.0101788 0.0071748 0.9999225
25.000000 -0.0022890 -0.0407769 0.3741351 -0.0011190 -0.0113766 0.0061917 0.9999155
26.000000 -0.0022525 -0.0436215 0.3954445 -0.0009000 -0.0123803 0.0038073 0.9999157
27.000000 -0.0030753 -0.0462845 0.4217592 -0.0003412 -0.0129724 0.0007322 0.9999155
28.000000 -0.0043162 -0.0484569 0.4434944 -0.0004594 -0.0127244 -0.0013267 0.9999181
29.000000 -0.0059599 -0.0515922 0.4651066 -0.0001537 -0.0119751 -0.0024131 0.9999254
30.000000 -0.0077006 -0.0561769 0.4938096 0.0015942 -0.0098228 -0.0024844 0.9999474
31.000000 -0.0079968 -0.0591687 0.5150374 0.0031958 -0.0075415 -0.0020815 0.9999643
32.000000 -0.0083330 -0.0610020 0.5372436 0.0044171 -0.0056444 -0.0017433 0.9999728
33.000000 -0.0084508 -0.0640506 0.5646736 0.0056309 -0.0041105 -0.0008377 0.9999754
34.000000 -0.0091787 -0.0687032 0.5885800 0.0069417 -0.0035602 -0.0003387 0.9999695
37.000000 -0.0149015 -0.0758292 0.6643349 0.0103406 -0.0022042 -0.0020213 0.9999421
38.000000 -0.0174862 -0.0790384 0.6963367 0.0102441 -0.0005338 -0.0013015 0.9999465
39.000000 -0.0186168 -0.0818022 0.7187897 0.0096549 0.0007338 -0.0001837 0.9999532
40.000000 -0.0188385 -0.0833218 0.7432578 0.0092928 0.0016357 0.0010130 0.9999550
42.000000 -0.0176089 -0.0902432 0.7982918 0.0084340 -0.0009139 0.0047170 0.9999529
43.000000 -0.0182957 -0.0928228 0.8223934 0.0106487 -0.0034241 0.0051405 0.9999242
44.000000 -0.0192587 -0.0960096 0.8514975 0.0123084 -0.0083950 0.0064050 0.9998685
46.000000 -0.0212877 -0.1024187 0.9002329 0.0164197 -0.0171480 0.0072374 0.9996920
47.000000 -0.0214671 -0.1073466 0.9282188 0.0182859 -0.0210231 0.0032833 0.9996064
48.000000 -0.0215823 -0.1101073 0.9488758 0.0203463 -0.0221395 0.0000210 0.9995479
49.000000 -0.0204812 -0.1142292 0.9745518 0.0264912 -0.0263836 -0.0013835 0.9992999
50.000000 -0.0187907 -0.1179496 0.9994857 0.0318315 -0.0293215 -0.0034329 0.9990572
51.000000 -0.0185927 -0.1218713 1.0206968 0.0330690 -0.0302272 -0.0022374 0.9989934
52.000000 -0.0215244 -0.1265710 1.0467376 0.0316041 -0.0268633 0.0012389 0.9991387
53.000000 -0.0235914 -0.1289239 1.0671821 0.0302921 -0.0225456 0.0051649 0.9992734
54.000000 -0.0245877 -0.1296254 1.0860610 0.0299108 -0.0180657 0.0083771 0.9993542
55.000000 -0.0256456 -0.1328999 1.1078385 0.0275951 -0.0130650 0.0105923 0.9994777
56.000000 -0.0264246 -0.1340297 1.1306741 0.0268065 -0.0110247 0.0108006 0.9995215
57.000000 -0.0261783 -0.1351924 1.1511600 0.0252801 -0.0107477 0.0085820 0.9995858
58.000000 -0.0256127 -0.1374301 1.1737822 0.0243699 -0.0119736 0.0057445 0.9996148
59.000000 -0.0269889 -0.1417836 1.1942216 0.0229468 -0.0134525 0.0032167 0.9996410
60.000000 -0.0284009 -0.1453018 1.2156607 0.0216513 -0.0152541 0.0005843 0.9996490
61.000000 -0.0307302 -0.1483478 1.2404212 0.0194418 -0.0167024 -0.0010574 0.9996709
62.000000 -0.0322764 -0.1521034 1.2586893 0.0179637 -0.0174508 -0.0019576 0.9996845
63.000000 -0.0345922 -0.1564444 1.2826426 0.0174467 -0.0177784 -0.0031324 0.9996848
64.000000 -0.0355778 -0.1587786 1.2999531 0.0167340 -0.0181966 -0.0041944 0.9996856
65.000000 -0.0369092 -0.1611513 1.3198632 0.0155302 -0.0187883 -0.0045791 0.9996924
66.000000 -0.0382058 -0.1648149 1.3430766 0.0150386 -0.0195248 -0.0047484 0.9996850
67.000000 -0.0402846 -0.1672475 1.3613852 0.0155365 -0.0192163 -0.0041947 0.9996858
68.000000 -0.0433161 -0.1703056 1.3797524 0.0150054 -0.0181860 -0.0027630 0.9997182
69.000000 -0.0484561 -0.1740487 1.4040611 0.0152614 -0.0143298 -0.0007226 0.9997806
70.000000 -0.0524687 -0.1766237 1.4231429 0.0180517 -0.0108762 0.0017544 0.9997764
71.000000 -0.0553528 -0.1808438 1.4418421 0.0206423 -0.0073772 0.0029927 0.9997553
72.000000 -0.0573251 -0.1837535 1.4637213 0.0262486 -0.0035707 0.0033400 0.9996435
74.000000 -0.0620584 -0.1895799 1.5065438 0.0351349 -0.0004226 0.0009922 0.9993820
76.000000 -0.0654052 -0.1944374 1.5467377 0.0407058 0.0015659 0.0012172 0.9991692
77.000000 -0.0697855 -0.1967936 1.5706767 0.0414909 0.0058111 0.0022715 0.9991194
78.000000 -0.0724135 -0.1996891 1.5894566 0.0424066 0.0094697 0.0032387 0.9990503
79.000000 -0.0739689 -0.2018402 1.6067967 0.0431114 0.0132292 0.0041906 0.9989739
80.000000 -0.0761801 -0.2047859 1.6296231 0.0424949 0.0171122 0.0049542 0.9989378
81.000000 -0.0769995 -0.2065119 1.6475070 0.0415487 0.0184384 0.0046841 0.9989554
82.000000 -0.0787418 -0.2101683 1.6659180 0.0407647 0.0188487 0.0047255 0.9989798
83.000000 -0.0811096 -0.2144877 1.6871655 0.0397565 0.0182863 0.0043847 0.9990324
84.000000 -0.0830367 -0.2164274 1.7067007 0.0378519 0.0190526 0.0037293 0.9990948
85.000000 -0.0845085 -0.2154618 1.7263043 0.0360364 0.0217950 0.0024229 0.9991099
86.000000 -0.0873746 -0.2178431 1.7527823 0.0329061 0.0278308 0.0029333 0.9990666
88.000000 -0.0887410 -0.2221664 1.7937135 0.0294091 0.0399060 0.0032606 0.9987652
89.000000 -0.0885423 -0.2254321 1.8210152 0.0264854 0.0462099 0.0032966 0.9985752
90.000000 -0.0879175 -0.2272812 1.8415185 0.0255858 0.0498624 0.0040876 0.9984200
91.000000 -0.0867834 -0.2317722 1.8688983 0.0246685 0.0523228 0.0051234 0.9983124
92.000000 -0.0865848 -0.2342793 1.8892016 0.0230010 0.0538991 0.0059335 0.9982638
93.000000 -0.0871119 -0.2350487 1.9106233 0.0201482 0.0560726 0.0080783 0.9981907
94.000000 -0.0886047 -0.2375860 1.9380637 0.0167270 0.0597409 0.0106389 0.9980171
95.000000 -0.0892993 -0.2412926 1.9569654 0.0144777 0.0637792 0.0123297 0.9977829
96.000000 -0.0887534 -0.2436791 1.9770312 0.0134458 0.0682421 0.0137863 0.9974830
97.000000 -0.0873599 -0.2461862 2.0026557 0.0130681 0.0759738 0.0132227 0.9969366
98.000000 -0.0866610 -0.2496987 2.0216265 0.0162904 0.0818217 0.0120664 0.9964408
99.000000 -0.0874057 -0.2542444 2.0407772 0.0195758 0.0872266 0.0100120 0.9959458
100.000000 -0.0884178 -0.2584928 2.0619454 0.0242538 0.0972233 0.0074843 0.9949389
101.000000 -0.0912527 -0.2614164 2.0774577 0.0270542 0.1086167 0.0069787 0.9936910
102.000000 -0.0927720 -0.2640055 2.0928788 0.0283952 0.1225460 0.0065638 0.9920349
103.000000 -0.0930530 -0.2660905 2.1134887 0.0300241 0.1389273 0.0060487 0.9898289
104.000000 -0.0931686 -0.2674420 2.1266110 0.0295109 0.1512717 0.0067746 0.9880284
105.000000 -0.0893447 -0.2668107 2.1384301 0.0286680 0.1616991 0.0063693 0.9864030
108.000000 -0.0864932 -0.2728272 2.1744664 0.0260622 0.1971751 0.0067704 0.9799984
109.000000 -0.0849891 -0.2740716 2.1837602 0.0262192 0.2081412 0.0081268 0.9777136
110.000000 -0.0837097 -0.2763348 2.1927240 0.0249057 0.2189136 0.0106338 0.9753684
112.000000 -0.0817467 -0.2821690 2.2146931 0.0196990 0.2476646 0.0162769 0.9685088
114.000000 -0.0786394 -0.2857869 2.2392187 0.0122549 0.2799966 0.0192591 0.9597296
115.000000 -0.0753932 -0.2862444 2.2485137 0.0096240 0.2931824 0.0206642 0.9557847
117.000000 -0.0656756 -0.2889062 2.2726846 0.0060349 0.3194952 0.0224469 0.9473028
118.000000 -0.0629060 -0.2904218 2.2842071 0.0054121 0.3303309 0.0228177 0.9435738
119.000000 -0.0614184 -0.2916420 2.2944105 0.0042876 0.3401304 0.0228098 0.9400918
120.000000 -0.0593234 -0.2932478 2.3078008 0.0020118 0.3511274 0.0230699 0.9360413
121.000000 -0.0581413 -0.2946380 2.3201160 0.0002874 0.3615230 0.0242385 0.9320480
122.000000 -0.0567047 -0.2970209 2.3342893 -0.0032512 0.3743810 0.0269195 0.9268785
124.000000 -0.0526090 -0.2998804 2.3542118 -0.0098591 0.3968747 0.0330591 0.9172243
128.000000 -0.0342534 -0.3073389 2.4003181 -0.0136666 0.4549122 0.0332153 0.8898117
129.000000 -0.0292062 -0.3091678 2.4098887 -0.0127168 0.4682452 0.0334019 0.8828754
130.000000 -0.0234785 -0.3110499 2.4195232 -0.0115902 0.4813007 0.0354564 0.8757615
132.000000 -0.0103763 -0.3184573 2.4429865 -0.0093551 0.5060375 0.0456943 0.8612494
133.000000 -0.0031174 -0.3218467 2.4512949 -0.0088229 0.5154567 0.0512273 0.8553376
134.000000 0.0068192 -0.3238052 2.4614637 -0.0086170 0.5273982 0.0562637 0.8477094
135.000000 0.0153320 -0.3236768 2.4702964 -0.0099261 0.5386961 0.0562685 0.8405604
136.000000 0.0252911 -0.3233925 2.4779873 -0.0120454 0.5497405 0.0533332 0.8335441
137.000000 0.0372524 -0.3230088 2.4886851 -0.0164686 0.5653166 0.0502423 0.8231778
138.000000 0.0461929 -0.3224977 2.4960012 -0.0192113 0.5792578 0.0494332 0.8134174
139.000000 0.0592983 -0.3227506 2.5041490 -0.0217217 0.5989149 0.0510243 0.7988903
140.000000 0.0692360 -0.3244428 2.5115485 -0.0221527 0.6160452 0.0546466 0.7855007
141.000000 0.0791968 -0.3273460 2.5179546 -0.0227424 0.6319621 0.0583037 0.7724683
142.000000 0.0924132 -0.3293229 2.5249097 -0.0195504 0.6503776 0.0640245 0.7566555
143.000000 0.1021192 -0.3308456 2.5280664 -0.0171175 0.6607274 0.0673208 0.7474050
144.000000 0.1129334 -0.3314258 2.5306847 -0.0142419 0.6681059 0.0694583 0.7406803
146.000000 0.1354606 -0.3327320 2.5382826 -0.0092474 0.6756412 0.0700808 0.7338339
147.000000 0.1454778 -0.3333609 2.5419953 -0.0079258 0.6764232 0.0685116 0.7332769
148.000000 0.1566467 -0.3338118 2.5451169 -0.0055073 0.6761439 0.0673944 0.7336600
149.000000 0.1669824 -0.3334146 2.5494101 -0.0028802 0.6771911 0.0664221 0.7327974
150.000000 0.1762874 -0.3353228 2.5530815 -0.0009559 0.6781974 0.0661050 0.7319000
151.000000 0.1893485 -0.3365366 2.5574603 0.0042588 0.6819223 0.0652482 0.7284961
152.000000 0.1994352 -0.3381599 2.5591486 0.0078998 0.6871043 0.0633007 0.7237529
153.000000 0.2120817 -0.3386512 2.5598474 0.0121245 0.6956220 0.0590265 0.7158763
155.000000 0.2345090 -0.3378485 2.5587497 0.0170031 0.7126719 0.0470212 0.6997133
156.000000 0.2481844 -0.3375318 2.5582278 0.0198549 0.7221169 0.0404449 0.6903022
157.000000 0.2583199 -0.3376272 2.5580299 0.0210060 0.7281186 0.0378342 0.6840839
158.000000 0.2674384 -0.3363776 2.5580270 0.0218850 0.7333453 0.0353246 0.6785852
159.000000 0.2802992 -0.3362801 2.5595496 0.0216487 0.7388027 0.0356650 0.6726292
160.000000 0.2907171 -0.3374559 2.5615900 0.0207266 0.7418067 0.0375767 0.6692393
161.000000 0.3016167 -0.3375551 2.5635538 0.0196173 0.7442541 0.0392968 0.6664509
162.000000 0.3139701 -0.3364374 2.5656328 0.0168639 0.7467448 0.0415244 0.6635991
163.000000 0.3235235 -0.3362902 2.5664182 0.0128357 0.7479478 0.0426366 0.6622624
165.000000 0.3481252 -0.3347573 2.5669379 0.0042604 0.7502716 0.0460442 0.6595106
166.000000 0.3588600 -0.3346315 2.5663049 -0.0014384 0.7505770 0.0488367 0.6589743
167.000000 0.3687027 -0.3330420 2.5655375 -0.0073194 0.7510841 0.0529623 0.6580380
168.000000 0.3819025 -0.3304305 2.5650017 -0.0181044 0.7517784 0.0634946 0.6561021
169.000000 0.3938727 -0.3279686 2.5657547 -0.0262971 0.7520580 0.0753914 0.6542426
170.000000 0.4091094 -0.3268591 2.5651093 -0.0348933 0.7517078 0.0905761 0.6523143
171.000000 0.4197290 -0.3262516 2.5641778 -0.0411406 0.7518523 0.1010148 0.6502473
172.000000 0.4284463 -0.3244483 2.5612903 -0.0460661 0.7513046 0.1104039 0.6490225
173.000000 0.4411688 -0.3211560 2.5587482 -0.0522197 0.7521324 0.1182937 0.6462018
174.000000 0.4519234 -0.3187085 2.5569913 -0.0575835 0.7538103 0.1224336 0.6430118
175.000000 0.4616082 -0.3166982 2.5551963 -0.0626450 0.7553971 0.1254459 0.6400892
176.000000 0.4726281 -0.3141596 2.5532401 -0.0696739 0.7570728 0.1296585 0.6365336
177.000000 0.4803135 -0.3108306 2.5532675 -0.0755295 0.7584348 0.1331485 0.6335167
178.000000 0.4885652 -0.3065623 2.5534451 -0.0817661 0.7608293 0.1399263 0.6283898
179.000000 0.5002396 -0.3029951 2.5543938 -0.0906259 0.7643173 0.1536953 0.6196642
180.000000 0.5089428 -0.3009394 2.5531466 -0.0916484 0.7705922 0.1630168 0.6092731
181.000000 0.5152929 -0.3008061 2.5531006 -0.0864058 0.7794770 0.1634960 0.5985137
182.000000 0.5239899 -0.3002075 2.5534310 -0.0792373 0.7888695 0.1579249 0.5886137
183.000000 0.5323381 -0.2991838 2.5538480 -0.0726827 0.7938448 0.1547564 0.5835908
184.000000 0.5429068 -0.2986488 2.5517390 -0.0664063 0.7973413 0.1538125 0.5798092
185.000000 0.5521362 -0.2990926 2.5507445 -0.0638358 0.8000943 0.1546451 0.5760720
186.000000 0.5607536 -0.2999524 2.5496335 -0.0640967 0.8025560 0.1564252 0.5721247
187.000000 0.5703464 -0.2999954 2.5487185 -0.0668657 0.8064535 0.1607688 0.5650797
188.000000 0.5777304 -0.3001996 2.5481973 -0.0701777 0.8105885 0.1667017 0.5569847
189.000000 0.5850017 -0.3011925 2.5479610 -0.0760404 0.8163548 0.1733227 0.5456573
190.000000 0.5934417 -0.3021884 2.5496757 -0.0855734 0.8260009 0.1818087 0.5266360
191.000000 0.6006055 -0.3034281 2.5510488 -0.0950523 0.8345411 0.1884177 0.5089251
192.000000 0.6072638 -0.3033562 2.5510843 -0.1016276 0.8417364 0.1946777 0.4932060
193.000000 0.6140759 -0.3039586 2.5508106 -0.1072148 0.8488188 0.2012109 0.4769968
194.000000 0.6200826 -0.3039702 2.5502377 -0.1083297 0.8532943 0.2038781 0.4675333
195.000000 0.6270061 -0.3054123 2.5484486 -0.1059522 0.8556342 0.2067312 0.4625219
196.000000 0.6363950 -0.3081308 2.5448337 -0.0992297 0.8582901 0.2054964 0.4596334
197.000000 0.6444929 -0.3087297 2.5405149 -0.0923314 0.8605934 0.2004968 0.4589715
198.000000 0.6524067 -0.3105818 2.5421762 -0.0879371 0.8629434 0.1886865 0.4604271
199.000000 0.6579919 -0.3115350 2.5433414 -0.0856417 0.8641350 0.1817480 0.4614151
200.000000 0.6662810 -0.3134258 2.5426793 -0.0810389 0.8639994 0.1763369 0.4645891
201.000000 0.6718857 -0.3131491 2.5425258 -0.0759818 0.8643049 0.1722053 0.4664218
202.000000 0.6820095 -0.3137447 2.5431969 -0.0716312 0.8652228 0.1690080 0.4665778
203.000000 0.6889555 -0.3149117 2.5427604 -0.0685158 0.8657580 0.1683519 0.4662900
204.000000 0.6979105 -0.3143852 2.5392776 -0.0645232 0.8676827 0.1677088 0.4635054
205.000000 0.7042863 -0.3136711 2.5373061 -0.0628322 0.8695403 0.1667608 0.4605893
206.000000 0.7114987 -0.3127654 2.5352404 -0.0620761 0.8720445 0.1647456 0.4566660
207.000000 0.7168202 -0.3131624 2.5325112 -0.0633002 0.8733458 0.1645613 0.4540704
208.000000 0.7245624 -0.3126290 2.5281043 -0.0661855 0.8754244 0.1642191 0.4497597
209.000000 0.7309263 -0.3121178 2.5234799 -0.0696913 0.8769885 0.1669357 0.4451593
210.000000 0.7354481 -0.3113519 2.5200999 -0.0751265 0.8811646 0.1730515 0.4335414
211.000000 0.7407038 -0.3083368 2.5158398 -0.0787564 0.8854983 0.1782747 0.4217917
212.000000 0.7463524 -0.3068147 2.5093775 -0.0804195 0.8921120 0.1876833 0.4030433
213.000000 0.7522280 -0.3053941 2.5079861 -0.0815659 0.8992444 0.1895302 0.3857263
214.000000 0.7611921 -0.3057152 2.5064936 -0.0786515 0.9076799 0.1910083 0.3653040
215.000000 0.7699897 -0.3046788 2.5109220 -0.0757242 0.9133156 0.1885440 0.3529471
216.000000 0.7770603 -0.3059708 2.5029550 -0.0723922 0.9194676 0.1842972 0.3396666
217.000000 0.7844665 -0.3048419 2.5081840 -0.0713051 0.9238822 0.1805548 0.3297838
218.000000 0.7894518 -0.3034051 2.5049503 -0.0697706 0.9271309 0.1791302 0.3216717
219.000000 0.7976537 -0.3020476 2.5002890 -0.0702453 0.9313416 0.1793446 0.3090370
220.000000 0.8040531 -0.3010375 2.4974732 -0.0704998 0.9338328 0.1819501 0.2998005
221.000000 0.8109717 -0.2995239 2.4934468 -0.0720319 0.9353142 0.1860447 0.2922089
222.000000 0.8162425 -0.2984125 2.4904528 -0.0718431 0.9370389 0.1847949 0.2874849
223.000000 0.8230777 -0.2988546 2.4884193 -0.0684669 0.9409937 0.1779181 0.2796218
224.000000 0.8266230 -0.2993833 2.4849329 -0.0649899 0.9435368 0.1741811 0.2741817
225.000000 0.8346865 -0.3005939 2.4868326 -0.0627518 0.9493657 0.1714592 0.2556730
227.000000 0.8455024 -0.2997605 2.4875000 -0.0653221 0.9560656 0.1816503 0.2206236
228.000000 0.8501356 -0.2983205 2.4890075 -0.0692467 0.9579141 0.1872967 0.2062172
230.000000 0.8667045 -0.2930876 2.5079813 -0.0735830 0.9596328 0.1974892 0.1862486
231.000000 0.8659985 -0.2946518 2.4797328 -0.0721464 0.9605063 0.1968244 0.1829831
232.000000 0.8699918 -0.2949884 2.4780560 -0.0709953 0.9609022 0.1952564 0.1830348
233.000000 0.8734579 -0.2958012 2.4797831 -0.0684802 0.9620522 0.1907118 0.1827430
235.000000 0.8795896 -0.3016100 2.4757557 -0.0647271 0.9654762 0.1893710 0.1667473
238.000000 0.8965566 -0.2946684 2.5054784 -0.0509617 0.9724305 0.1823328 0.1361494
239.000000 0.9020574 -0.2949514 2.5063419 -0.0445731 0.9744599 0.1814321 0.1245934
241.000000 0.9091618 -0.2919118 2.5080342 -0.0384059 0.9731963 0.1882553 0.1263882
243.000000 0.9160142 -0.2904279 2.5048480 -0.0380132 0.9734436 0.1892868 0.1230169
247.000000 0.9301349 -0.2871673 2.4921992 -0.0366127 0.9738724 0.1982170 0.1046045
248.000000 0.9316260 -0.2858549 2.4893880 -0.0352300 0.9735312 0.2026944 0.0995532
249.000000 0.9359297 -0.2858226 2.4851995 -0.0330947 0.9750918 0.2026024 0.0839826
251.000000 0.9416387 -0.2895220 2.4719217 -0.0266505 0.9792132 0.1944755 0.0510937
253.000000 0.9558369 -0.2838602 2.4662764 0.0161205 -0.9823520 -0.1854665 -0.0180780
254.000000 0.9582928 -0.2790979 2.4625838 0.0154771 -0.9823292 -0.1861130 -0.0123202
255.000000 0.9627248 -0.2777963 2.4539924 0.0127165 -0.9837644 -0.1789725 0.0038477
256.000000 0.9644398 -0.2770780 2.4464042 0.0112689 -0.9847232 -0.1731978 0.0139954
257.000000 0.9639052 -0.2813791 2.4550397 0.0146060 -0.9853963 -0.1678397 0.0247105
258.000000 0.9705842 -0.2754567 2.4304256 0.0213897 -0.9864672 -0.1588343 0.0345934
259.000000 0.9739719 -0.2758477 2.4235518 0.0261348 -0.9874923 -0.1506546 0.0384604
262.000000 0.9781455 -0.2733168 2.4010866 0.0234198 -0.9908909 -0.1233765 0.0486326
264.000000 0.9843779 -0.2676927 2.3727880 0.0202265 -0.9916564 -0.1115939 0.0612798
272.000000 0.9864653 -0.2631389 2.2995756 0.0299426 -0.9912593 -0.1039528 0.0755138
273.000000 0.9835822 -0.2621223 2.2886689 0.0297603 -0.9921434 -0.1004415 0.0683911
274.000000 0.9857258 -0.2596462 2.2767470 0.0271222 -0.9927727 -0.1006053 0.0595434
276.000000 0.9880313 -0.2579674 2.2490828 0.0275283 -0.9935628 -0.0975740 0.0505417
277.000000 0.9904461 -0.2566696 2.2349007 0.0298335 -0.9939663 -0.0936349 0.0487182
280.000000 0.9888834 -0.2440156 2.1665361 0.0298757 -0.9942131 -0.0975463 0.0336515
281.000000 0.9913598 -0.2417522 2.1695113 0.0344537 -0.9938333 -0.1027184 0.0236078
283.000000 0.9899697 -0.2377092 2.1103978 0.0454373 -0.9930430 -0.1086043 0.0024910
285.000000 0.9971814 -0.2319494 2.0953701 0.0474085 -0.9923930 -0.1133962 -0.0070645
286.000000 1.0016426 -0.2266995 2.0775778 0.0423543 -0.9922629 -0.1163930 -0.0085565
287.000000 0.9982146 -0.2268763 2.0421231 0.0389186 -0.9921300 -0.1187167 -0.0083515
289.000000 1.0043764 -0.2205634 2.0317893 0.0302238 -0.9918062 -0.1236325 -0.0110469
290.000000 1.0058981 -0.2156467 2.0142720 0.0285376 -0.9915258 -0.1259160 -0.0144022
293.000000 1.0063854 -0.2104294 1.9607837 0.0279597 -0.9910263 -0.1279685 -0.0266292
294.000000 1.0096414 -0.2060632 1.9394158 0.0278482 -0.9909097 -0.1276428 -0.0320913
295.000000 1.0118631 -0.2030161 1.9254756 0.0278599 -0.9910160 -0.1258302 -0.0357460
296.000000 1.0153399 -0.2031744 1.9104065 0.0251632 -0.9910656 -0.1246762 -0.0401452
298.000000 1.0183883 -0.1991187 1.8679739 0.0238108 -0.9915403 -0.1175331 -0.0496677
299.000000 1.0188539 -0.1949548 1.8442483 0.0241181 -0.9914435 -0.1155200 -0.0557970
300.000000 1.0185657 -0.1935586 1.8325852 0.0285960 -0.9912577 -0.1140310 -0.0598954
301.000000 1.0180174 -0.1914131 1.8044835 -0.0336498 0.9907933 0.1116886 0.0687159
303.000000 1.0189053 -0.1845952 1.7662151 -0.0341977 0.9889971 0.1170419 0.0837643
305.000000 1.0232836 -0.1797466 1.7279251 -0.0301389 0.9890921 0.1169254 0.0843628
306.000000 1.0246981 -0.1801639 1.7121116 -0.0298824 0.9894669 0.1147368 0.0830530
307.000000 1.0263546 -0.1774692 1.6924050 -0.0288149 0.9896956 0.1136034 0.0822594
311.000000 1.0279233 -0.1682598 1.6196262 -0.0300407 0.9875570 0.1081432 0.1101534
312.000000 1.0298190 -0.1666892 1.6040181 -0.0286653 0.9870454 0.1115109 0.1117361
314.000000 1.0391991 -0.1641839 1.5667861 -0.0215204 0.9882108 0.1127394 0.1013217
315.000000 1.0460074 -0.1615426 1.5432845 -0.0198979 0.9896200 0.1102565 0.0899993
316.000000 1.0485530 -0.1595776 1.5269313 -0.0209266 0.9898620 0.1121437 0.0846114
317.000000 1.0522071 -0.1561177 1.5059537 -0.0236140 0.9897205 0.1171640 0.0785386
318.000000 1.0553437 -0.1535275 1.4885309 -0.0266379 0.9894278 0.1211112 0.0752007
321.000000 1.0680751 -0.1475808 1.4340340 -0.0297261 0.9885574 0.1297927 0.0708837
322.000000 1.0722222 -0.1458716 1.4199378 -0.0266962 0.9888962 0.1291554 0.0684877
323.000000 1.0794358 -0.1465731 1.4013528 -0.0258529 0.9894145 0.1276434 0.0640147
324.000000 1.0835811 -0.1457892 1.3881580 0.0258181 -0.9899164 -0.1257006 -0.0599849
325.000000 1.0884851 -0.1448863 1.3698084 0.0257430 -0.9900473 -0.1272584 -0.0543037
326.000000 1.0917135 -0.1411008 1.3557154 0.0253948 -0.9903381 -0.1276146 -0.0479591
329.000000 1.0985159 -0.1428742 1.3094038 0.0265582 -0.9921817 -0.1216079 -0.0090402
330.000000 1.1024480 -0.1419743 1.2967446 0.0258033 -0.9925037 -0.1194566 -0.0008677
331.000000 1.1074030 -0.1433315 1.2832181 0.0270994 -0.9931320 -0.1124904 0.0173345
332.000000 1.1114882 -0.1430553 1.2701852 0.0287905 -0.9934817 -0.1049406 0.0339525
334.000000 1.1198504 -0.1404618 1.2417618 0.0330018 -0.9931972 -0.0949276 0.0588136
335.000000 1.1218313 -0.1363360 1.2256796 0.0351809 -0.9930006 -0.0923749 0.0646459
337.000000 1.1225477 -0.1336859 1.1981829 0.0357382 -0.9925509 -0.0904885 0.0733306
338.000000 1.1234280 -0.1325204 1.1872671 0.0356862 -0.9923443 -0.0900871 0.0765749
339.000000 1.1258068 -0.1304509 1.1716938 0.0355777 -0.9920665 -0.0898843 0.0803685
340.000000 1.1273322 -0.1291294 1.1593190 0.0339908 -0.9919586 -0.0891076 0.0832019
341.000000 1.1305804 -0.1286687 1.1467029 0.0311442 -0.9917858 -0.0889184 0.0865138
342.000000 1.1332436 -0.1273565 1.1302997 0.0274703 -0.9915722 -0.0886123 0.0904313
343.000000 1.1347170 -0.1250554 1.1188660 0.0252560 -0.9913805 -0.0891178 0.0926543
344.000000 1.1349213 -0.1217936 1.1038281 0.0233744 -0.9911281 -0.0907489 0.0942515
345.000000 1.1338903 -0.1199306 1.0926708 0.0232534 -0.9909843 -0.0923344 0.0942539
346.000000 1.1336923 -0.1186826 1.0775939 0.0244602 -0.9910367 -0.0937359 0.0919867
347.000000 1.1337135 -0.1180646 1.0666014 0.0251827 -0.9911661 -0.0942073 0.0898927
349.000000 1.1358783 -0.1142142 1.0400883 0.0254278 -0.9914653 -0.0928245 0.0879406
350.000000 1.1364251 -0.1135554 1.0248163 0.0240188 -0.9914488 -0.0922646 0.0891044
352.000000 1.1399815 -0.1115419 0.9974294 0.0196282 -0.9910346 -0.0898199 0.0969404
353.000000 1.1405563 -0.1093029 0.9861342 0.0186442 -0.9906798 -0.0901927 0.1003558
354.000000 1.1407015 -0.1056416 0.9711120 0.0185633 -0.9900383 -0.0922621 0.1047248
355.000000 1.1398828 -0.1025616 0.9592444 0.0189888 -0.9895804 -0.0941162 0.1072953
356.000000 1.1384971 -0.1010536 0.9426951 0.0210097 -0.9890178 -0.0961203 0.1102870
357.000000 1.1379174 -0.1004149 0.9312750 0.0233307 -0.9886231 -0.0973830 0.1122348
358.000000 1.1391305 -0.0977118 0.9170313 0.0264875 -0.9880946 -0.0972978 0.1161920
359.000000 1.1397667 -0.0956883 0.9057835 0.0282588 -0.9877312 -0.0968126 0.1192301
360.000000 1.1408626 -0.0954228 0.8898795 0.0285338 -0.9873131 -0.0953581 0.1237156
361.000000 1.1421893 -0.0955126 0.8776386 0.0273590 -0.9870804 -0.0940693 0.1267864
362.000000 1.1436989 -0.0924595 0.8625367 0.0234449 -0.9873000 -0.0921799 0.1272475
365.000000 1.1434681 -0.0875332 0.8264382 0.0126305 -0.9909932 -0.0923317 0.0961658
366.000000 1.1435146 -0.0883419 0.8115354 0.0150706 -0.9926416 -0.0870453 0.0828171
367.000000 1.1437575 -0.0879927 0.7989835 0.0177945 -0.9936700 -0.0815635 0.0751704
368.000000 1.1443431 -0.0869290 0.7831104 0.0216481 -0.9945679 -0.0744331 0.0694685
370.000000 1.1468010 -0.0853195 0.7560691 0.0264062 -0.9949068 -0.0617170 0.0751946
371.000000 1.1483632 -0.0844571 0.7424308 0.0283951 -0.9945238 -0.0566358 0.0831183
373.000000 1.1498493 -0.0829313 0.7146307 0.0299209 -0.9929842 -0.0501751 0.1028086
374.000000 1.1494374 -0.0807444 0.6998301 0.0313051 -0.9920846 -0.0466421 0.1123068
375.000000 1.1495028 -0.0792444 0.6884334 0.0328256 -0.9913821 -0.0446074 0.1187194
376.000000 1.1490850 -0.0785386 0.6717451 0.0343040 -0.9904549 -0.0422843 0.1266274
378.000000 1.1493050 -0.0764474 0.6469460 0.0384391 -0.9882793 -0.0388504 0.1425383
379.000000 1.1500801 -0.0745158 0.6355952 0.0394534 -0.9868427 -0.0379642 0.1521306
381.000000 1.1525749 -0.0746992 0.6087672 0.0389734 -0.9828087 -0.0412149 0.1756973
382.000000 1.1537086 -0.0729395 0.5978094 0.0386477 -0.9814658 -0.0437666 0.1825260
383.000000 1.1566873 -0.0696642 0.5851680 0.0371153 -0.9807323 -0.0494125 0.1853240
384.000000 1.1570023 -0.0680716 0.5744462 0.0357449 -0.9811508 -0.0544106 0.1819476
385.000000 1.1559479 -0.0674600 0.5612378 0.0349145 -0.9827596 -0.0596162 0.1714947
386.000000 1.1573191 -0.0678928 0.5525390 0.0330870 -0.9845588 -0.0634132 0.1597751
387.000000 1.1594325 -0.0659446 0.5414574 0.0330735 -0.9865803 -0.0660874 0.1455950
388.000000 1.1565499 -0.0665747 0.5315089 0.0330519 -0.9873415 -0.0685547 0.1391566
389.000000 1.1599972 -0.0636812 0.5203553 0.0342643 -0.9869936 -0.0651297 0.1429256
391.000000 1.1657429 -0.0654825 0.4985098 0.0343054 -0.9847261 -0.0557618 0.1613331
394.000000 1.1700861 -0.0626540 0.4690647 0.0355624 -0.9826190 -0.0436836 0.1768814
396.000000 1.1745865 -0.0590377 0.4496559 0.0327956 -0.9830633 -0.0439429 0.1748713
397.000000 1.1728814 -0.0578326 0.4403336 0.0312722 -0.9838403 -0.0450963 0.1704305
398.000000 1.1717067 -0.0585476 0.4312795 0.0303940 -0.9843658 -0.0468597 0.1670461
400.000000 1.1742513 -0.0573873 0.4092786 0.0327388 -0.9835377 -0.0441364 0.1721445
404.000000 1.1719396 -0.0586526 0.3692428 0.0384181 -0.9726405 -0.0226171 0.2279978
407.000000 1.1656832 -0.0568936 0.3420863 0.0440312 -0.9671751 -0.0143703 0.2498541
408.000000 1.1628103 -0.0557146 0.3369522 0.0454730 -0.9656699 -0.0118488 0.2554868
410.000000 1.1587951 -0.0530181 0.3222909 0.0461091 -0.9579235 -0.0152849 0.2828832
414.000000 1.1713388 -0.0481769 0.2872252 0.0363537 -0.9444343 -0.0290656 0.3253883
418.000000 1.1696777 -0.0375807 0.2559209 0.0425210 -0.9301162 -0.0473798 0.3617056
419.000000 1.1708013 -0.0376543 0.2454906 0.0449477 -0.9294266 -0.0463278 0.3633177
421.000000 1.1715708 -0.0389729 0.2317168 0.0509036 -0.9306897 -0.0362412 0.3604333
423.000000 1.1698315 -0.0416616 0.2152435 0.0546825 -0.9286124 -0.0218938 0.3663461
425.000000 1.1716025 -0.0428626 0.1952024 0.0546718 -0.9150244 -0.0056737 0.3996364
431.000000 1.1559623 -0.0339417 0.1435939 0.0712418 -0.8831454 0.0111432 0.4635241
432.000000 1.1510813 -0.0329447 0.1363387 0.0748312 -0.8804718 0.0102334 0.4680440
433.000000 1.1465758 -0.0306791 0.1264617 0.0763485 -0.8739893 0.0073352 0.4798540
434.000000 1.1429769 -0.0289917 0.1172863 0.0747380 -0.8661953 0.0017906 0.4940818
435.000000 1.1354376 -0.0277836 0.1077478 0.0696360 -0.8566420 -0.0048622 0.5111670
436.000000 1.1300161 -0.0285721 0.0948297 0.0575763 -0.8422293 -0.0174946 0.5357507
438.000000 1.1223493 -0.0257814 0.0746528 0.0242477 -0.8175012 -0.0425154 0.5738434
439.000000 1.1152331 -0.0242950 0.0658543 0.0082104 -0.8084149 -0.0541434 0.5860602
440.000000 1.1102456 -0.0213562 0.0581598 -0.0061491 -0.8014250 -0.0655176 0.5944641
441.000000 1.1041139 -0.0186957 0.0440320 -0.0179375 -0.7922672 -0.0797185 0.6046783
442.000000 1.0921769 -0.0172254 0.0361531 -0.0227275 -0.7860190 -0.0877058 0.6115271
443.000000 1.0815470 -0.0174941 0.0260031 -0.0253504 -0.7785367 -0.0938895 0.6200184
444.000000 1.0654186 -0.0163271 0.0140138 -0.0248742 -0.7672894 -0.0973309 0.6333838
445.000000 1.0515542 -0.0156234 0.0042281 -0.0236861 -0.7567714 -0.0982543 0.6458191
446.000000 1.0390332 -0.0151617 -0.0071741 -0.0234876 -0.7449740 -0.0967144 0.6596276
447.000000 1.0188603 -0.0138353 -0.0117905 -0.0248158 -0.7308057 -0.0925304 0.6758295
448.000000 1.0151094 -0.0119270 -0.0028697 -0.0255567 -0.7216119 -0.0908898 0.6858296
449.000000 0.9895403 -0.0125742 -0.0262182 -0.0254443 -0.7145854 -0.0898309 0.6932898
450.000000 0.9793410 -0.0089236 -0.0170147 -0.0222509 -0.7091031 -0.0919894 0.6987243
451.000000 0.9536554 -0.0106090 -0.0400364 -0.0190475 -0.7073022 -0.0943893 0.7003224
452.000000 0.9401594 -0.0115452 -0.0299401 -0.0133613 -0.7080016 -0.0956229 0.6995795
453.000000 0.9169005 -0.0114082 -0.0319666 -0.0072736 -0.7095715 -0.0950499 0.6981555
455.000000 0.8728400 -0.0112805 -0.0438513 -0.0033227 -0.7055730 -0.0902523 0.7028586
457.000000 0.8303517 -0.0094669 -0.0510811 -0.0025082 -0.6929584 -0.0810157 0.7164070
458.000000 0.8044399 -0.0087966 -0.0538648 -0.0036340 -0.6833369 -0.0753373 0.7261968
459.000000 0.7817066 -0.0088230 -0.0563041 -0.0042548 -0.6788872 -0.0731971 0.7305726
460.000000 0.7631895 -0.0099756 -0.0590321 0.0003009 -0.6783378 -0.0721371 0.7312004
461.000000 0.7395176 -0.0115221 -0.0613219 0.0145214 -0.6784022 -0.0714685 0.7310622
463.000000 0.7050317 -0.0133886 -0.0642120 0.0148780 -0.6694297 -0.0679071 0.7396156
464.000000 0.6853714 -0.0131427 -0.0676643 0.0145585 -0.6509018 -0.0648452 0.7562474
465.000000 0.6673675 -0.0118322 -0.0691962 0.0161062 -0.6351625 -0.0588619 0.7699640
466.000000 0.6521685 -0.0118609 -0.0721337 0.0182182 -0.6206393 -0.0540000 0.7820225
468.000000 0.6200718 -0.0134028 -0.0768207 0.0201849 -0.6094965 -0.0484118 0.7910519
469.000000 0.6008497 -0.0123463 -0.0798144 0.0296906 -0.6075634 -0.0486633 0.7922230
470.000000 0.5458524 0.0248533 -0.0754945 0.0391856 -0.6059246 -0.0503490 0.7929596
471.000000 0.5714992 -0.0115426 -0.0815166 0.0456874 -0.6032324 -0.0512989 0.7946017
472.000000 0.5167121 0.0259395 -0.0790015 0.0464859 -0.5999175 -0.0521101 0.7970086
475.000000 0.5185447 -0.0199478 -0.0924360 0.0264801 -0.5893839 -0.0510082 0.8058062
476.000000 0.5064178 -0.0219796 -0.0945251 0.0228397 -0.5801944 -0.0510903 0.8125531
477.000000 0.4938274 -0.0221046 -0.0961590 0.0209019 -0.5692155 -0.0529380 0.8202161
479.000000 0.4665058 -0.0214505 -0.0948450 0.0225051 -0.5484474 -0.0588941 0.8338047
480.000000 0.4539810 -0.0205132 -0.0927969 0.0276519 -0.5422286 -0.0600577 0.8376256
481.000000 0.4388518 -0.0210114 -0.0916036 0.0336147 -0.5352976 -0.0622030 0.8416991
483.000000 0.4161110 -0.0197077 -0.0889863 0.0447397 -0.5220691 -0.0606922 0.8495638
485.000000 0.3945576 -0.0230875 -0.0908790 0.0473877 -0.5063420 -0.0560049 0.8592064
486.000000 0.3821597 -0.0228124 -0.0908705 0.0476243 -0.4998937 -0.0518030 0.8632234
487.000000 0.3732068 -0.0229786 -0.0917665 0.0461442 -0.4948162 -0.0496882 0.8663480
493.000000 0.3123779 -0.0286742 -0.0819805 0.0727270 -0.4928833 -0.0301585 0.8665261
494.000000 0.3042625 -0.0289414 -0.0812855 0.0767573 -0.4899799 -0.0268935 0.8679313
495.000000 0.2950935 -0.0302199 -0.0826326 0.0790893 -0.4828747 -0.0230693 0.8718055
496.000000 0.2859928 -0.0317843 -0.0842133 0.0791969 -0.4737450 -0.0205724 0.8768525
500.000000 0.2515609 -0.0252897 -0.0831424 0.0852278 -0.4438109 -0.0184130 0.8918683
503.000000 0.2262377 -0.0255369 -0.0782424 0.0982626 -0.4294184 -0.0188118 0.8975469
505.000000 0.2119375 -0.0258288 -0.0779201 0.1049773 -0.4165782 -0.0144865 0.9029022
506.000000 0.2023398 -0.0264761 -0.0795607 0.1061437 -0.4024034 -0.0103546 0.9092293
507.000000 0.1948698 -0.0286666 -0.0805708 0.1049423 -0.3882294 -0.0074527 0.9155379
508.000000 0.1883276 -0.0296919 -0.0813048 0.1038867 -0.3726892 -0.0044204 0.9221122
509.000000 0.1800456 -0.0281017 -0.0821456 0.1048905 -0.3540146 -0.0011664 0.9293386
510.000000 0.1735829 -0.0274978 -0.0820011 0.1057474 -0.3414782 -0.0021979 0.9339194
511.000000 0.1675608 -0.0255749 -0.0806697 0.1078947 -0.3325725 -0.0031331 0.9368802
512.000000 0.1594427 -0.0232794 -0.0784278 0.1103085 -0.3240233 -0.0052188 0.9395817
514.000000 0.1461723 -0.0216409 -0.0734272 0.1107284 -0.3093730 -0.0082187 0.9444364
518.000000 0.1164202 -0.0248987 -0.0580018 0.0898836 -0.2478650 0.0016981 0.9646145
519.000000 0.1059345 -0.0264476 -0.0552162 0.0838819 -0.2301517 0.0050525 0.9695197
520.000000 0.0941321 -0.0268002 -0.0519856 0.0771715 -0.2119245 0.0075743 0.9742050
521.000000 0.0850117 -0.0263407 -0.0488799 0.0721704 -0.2012091 0.0076779 0.9768559
523.000000 0.0711973 -0.0262420 -0.0436610 0.0619628 -0.1913394 0.0054481 0.9795510
526.000000 0.0527319 -0.0261554 -0.0302400 0.0533132 -0.1753780 0.0036522 0.9830498
528.000000 0.0421753 -0.0233571 -0.0248581 0.0414052 -0.1389478 0.0022448 0.9894312
532.000000 0.0089209 -0.0204538 -0.0184398 0.0139474 -0.0632829 -0.0047907 0.9978867
535.000000 -0.0045691 -0.0168947 -0.0140719 0.0023295 -0.0445458 0.0003592 0.9990045
